Id,Sale_Price_Preds
1461,116531.32426462517
1462,151216.50940800647
1463,173151.16884428248
1464,189795.04510464377
1465,195070.38841262175
1466,172822.79952738938
1467,185381.81089216482
1468,159766.79905164606
1469,217528.63402877352
1470,114363.60816006434
1471,197636.2743864904
1472,100564.02564050336
1473,89204.85556533186
1474,147392.59354058973
1475,113103.5263147055
1476,350343.50973033847
1477,235853.283174789
1478,325892.95329831867
1479,308312.3167211843
1480,446012.5250280901
1481,294844.4092571314
1482,207909.3237169387
1483,177933.37644093353
1484,169228.64797939314
1485,201489.54461697693
1486,204298.3902365373
1487,303488.2277022231
1488,234019.68748506677
1489,192488.4764207884
1490,245777.0925777469
1491,197114.51904577814
1492,96226.37834664155
1493,211263.56142102362
1494,271672.2406887034
1495,268774.7097937227
1496,241031.39465672045
1497,179332.23013196647
1498,163490.68865837983
1499,170778.76126497818
1500,160569.9961695564
1501,201106.8510622405
1502,154787.56509175888
1503,277220.5005303038
1504,242864.96745342825
1505,223711.85670171957
1506,193858.886230571
1507,250350.40612600985
1508,192842.84549587025
1509,163549.41627876367
1510,139399.53483276395
1511,144452.20783494163
1512,177902.46472241153
1513,157980.01192887954
1514,145031.06234187563
1515,207361.72926833262
1516,168924.8401554035
1517,176913.35814885105
1518,129400.12856408468
1519,223100.2444667104
1520,120924.93313740492
1521,115527.93543455642
1522,198633.70888119505
1523,101955.52017365134
1524,123918.96239411825
1525,111775.66150765395
1526,96955.84481763846
1527,101375.52122412258
1528,152703.61388286905
1529,150514.2385397411
1530,209054.64330215595
1531,137979.05006935436
1532,112484.10713566447
1533,141071.9591650225
1534,127919.07692658185
1535,147980.6107859547
1536,102134.32682535413
1537,36491.727570994684
1538,169170.39934447323
1539,214686.55491217336
1540,116630.13589261755
1541,132265.805777881
1542,131416.65313774825
1543,176899.37529151302
1544,92212.63409628008
1545,118262.73859587032
1546,137820.39608081878
1547,131955.80554710783
1548,139193.30925765628
1549,109563.73146526799
1550,130210.90881669804
1551,114405.73284500475
1552,141688.39448950446
1553,162859.22454637339
1554,122327.51783792171
1555,152839.57625160864
1556,71242.87277896755
1557,96586.23756947661
1558,90950.20701400163
1559,88106.68368287686
1560,144198.3330601978
1561,128297.85132492814
1562,125069.8702215557
1563,123260.40775340504
1564,147788.6399086791
1565,143544.38190329843
1566,243378.89357112203
1567,77179.74422623285
1568,216745.8408465911
1569,110920.46276058565
1570,156510.10438880036
1571,105351.39149416436
1572,145806.20099555442
1573,256942.0227778901
1574,128125.26939571071
1575,239268.0676084216
1576,239338.2321842008
1577,188049.7149355923
1578,145936.1112395302
1579,131952.53781561065
1580,190244.7510240086
1581,162703.16971899435
1582,132829.41588867625
1583,272434.7805230002
1584,226870.6637140019
1585,149317.2822257684
1586,54782.41261381819
1587,110182.41007028712
1588,160990.0303737405
1589,108928.83702520684
1590,136687.96217792836
1591,97417.18022413358
1592,118680.9874799342
1593,141707.4897766156
1594,153030.59441537326
1595,118117.1000743423
1596,217587.71003731887
1597,171007.19965990394
1598,201990.69022232195
1599,208365.72309106088
1600,187417.7189500172
1601,36333.942333794796
1602,123644.44200918515
1603,90711.50357155358
1604,284723.6057739653
1605,250942.79941058403
1606,162179.42255078282
1607,169207.011776595
1608,222270.02229129427
1609,190967.7626760796
1610,146646.07259241515
1611,138098.5168977111
1612,194044.807291124
1613,164689.9995633472
1614,142377.55314651475
1615,91206.667139238
1616,60052.11638291007
1617,77522.66192418722
1618,116452.87405713405
1619,151376.5041726624
1620,164498.05692228235
1621,135045.55291097373
1622,138365.5458696315
1623,263372.8033759197
1624,218312.8222697844
1625,108672.15895460805
1626,176983.22217737624
1627,179873.67299692574
1628,284063.5834451151
1629,182334.53011308773
1630,308962.60880695813
1631,205185.20080645912
1632,221871.95910177857
1633,187231.94385569444
1634,194845.5671793856
1635,182587.20690607332
1636,154649.21621898445
1637,198221.9066871001
1638,207736.562914121
1639,188895.36371705812
1640,251200.80197969975
1641,179639.68631118664
1642,261548.89963818897
1643,220626.43696533245
1644,230891.49576201098
1645,212351.00746453364
1646,158969.01893530728
1647,160676.22471186385
1648,127328.64158135324
1649,133001.84623956436
1650,117883.44793883222
1651,116784.92276513312
1652,104518.9101450631
1653,106519.17460797797
1654,143853.3857784848
1655,133292.5116557862
1656,136815.44057720786
1657,143829.93114852553
1658,147784.45961220312
1659,115992.03981472683
1660,155884.1194185142
1661,407966.88346051134
1662,376748.80614066124
1663,364337.9672173818
1664,444653.53486138606
1665,324259.7942889058
1666,313356.6594776751
1667,354167.0730155203
1668,343184.1177990356
1669,313957.1240081483
1670,347727.917651186
1671,235236.36899097197
1672,385142.7052361226
1673,265805.83454724436
1674,236615.31661307107
1675,181259.70906181497
1676,189446.1796879489
1677,203159.86079376552
1678,432264.1286541013
1679,367435.84279391926
1680,331430.1731527047
1681,282319.6789722907
1682,306892.0720898801
1683,182831.2353950177
1684,183773.0290258999
1685,182272.13048210472
1686,178604.65921886274
1687,186477.8804164293
1688,196664.6233432914
1689,204875.7717920824
1690,205907.85851235033
1691,199489.3205934176
1692,286494.9187062411
1693,188201.38442630848
1694,184700.02973065796
1695,170817.97401027678
1696,262493.64804546494
1697,175880.32638377792
1698,307233.1915295748
1699,280840.3890325229
1700,242742.179649383
1701,263791.633833805
1702,239135.11812211896
1703,236260.21366247904
1704,260354.97186392127
1705,258817.34578014398
1706,399630.5123579219
1707,232829.83280052047
1708,195689.15857571407
1709,246871.8344181014
1710,222138.22718823524
1711,274324.1422019451
1712,243930.36791279944
1713,272189.7346460662
1714,219169.24736347908
1715,210895.03266249047
1716,185802.72401709002
1717,190908.2492703856
1718,141247.06228839097
1719,223183.4094629182
1720,241332.81234441153
1721,179670.0031782083
1722,129621.43115306704
1723,162021.44784262835
1724,210728.72653823585
1725,237031.6442584707
1726,197271.18679332457
1727,151220.69139107503
1728,195123.12740900202
1729,157555.5315408438
1730,180655.13701513718
1731,121485.45104824434
1732,134321.8941971202
1733,103799.9739437952
1734,112141.88070515502
1735,140302.44326667616
1736,98856.05260581904
1737,281714.0369813498
1738,235177.5149544847
1739,258564.99551011043
1740,203349.00124840473
1741,183917.31518851832
1742,183526.24386336116
1743,183401.13642635482
1744,319659.327272092
1745,226656.62354791787
1746,233455.46163771898
1747,229782.19727513724
1748,239824.3676561678
1749,152037.19583982186
1750,142947.7598576027
1751,260735.11637364072
1752,111160.42605759908
1753,152022.05211146278
1754,200804.11682896904
1755,162885.61937876744
1756,124942.78802919033
1757,114139.14354413864
1758,149041.93197376173
1759,163075.03701749136
1760,164605.19325887153
1761,157659.60841141047
1762,183423.27824020653
1763,190608.87286412547
1764,110546.3988918518
1765,186384.0180520671
1766,184319.87349684868
1767,217954.52813373276
1768,145620.9668180883
1769,170842.21373174607
1770,158506.4550538168
1771,130609.51618428354
1772,131765.02357990714
1773,121528.38871828765
1774,155362.1438093757
1775,135423.0105655954
1776,135704.16900720616
1777,108778.0244101099
1778,148495.7548658187
1779,118784.116240184
1780,188973.24932231582
1781,125088.8016439392
1782,67717.7306394977
1783,138616.04516495235
1784,97652.48543199035
1785,149604.85603990755
1786,143178.32784318397
1787,190485.09404292185
1788,59346.81956260388
1789,110207.43068206256
1790,48033.1787038099
1791,210228.14190326794
1792,164041.76566707215
1793,132618.33351772427
1794,178051.62629354026
1795,127735.08858736709
1796,159689.81385715347
1797,135958.19221347588
1798,126795.89052929265
1799,105091.4164526829
1800,140711.9741400668
1801,119886.92645583485
1802,152169.42346376178
1803,165238.34490839462
1804,123395.52838484365
1805,141896.54789903024
1806,138204.60853945566
1807,150232.31414126474
1808,127415.15295463345
1809,123075.07205631699
1810,144255.7040841777
1811,93515.1214989548
1812,99601.95583627762
1813,119441.8598912424
1814,85761.43673601413
1815,33526.929981163776
1816,106976.2085999396
1817,106839.41022273104
1818,179191.72724738516
1819,159461.20262748812
1820,57992.00224556615
1821,126150.05611943193
1822,156823.03408001253
1823,36760.77377155605
1824,147889.83124119788
1825,144038.45869350687
1826,94064.93910468595
1827,89985.05542682509
1828,127987.22963689733
1829,146885.41825695362
1830,148482.3820607721
1831,157628.24591591852
1832,67613.53914607526
1833,144989.05437379982
1834,114388.15248887504
1835,110400.87017935507
1836,134473.0995942207
1837,72237.78509882039
1838,107274.04328708923
1839,100736.23251473362
1840,150539.08600551143
1841,137503.81356589345
1842,96847.58382078141
1843,120423.9217039297
1844,145264.51128946195
1845,139279.17292794277
1846,139050.71208917335
1847,169542.085266454
1848,21469.96306704558
1849,123278.54863588238
1850,119984.2714810292
1851,151568.80021638024
1852,138168.54527811942
1853,127754.83045769212
1854,175873.71288784238
1855,147952.9715912731
1856,228259.7141980236
1857,157701.3813084384
1858,166620.1993772364
1859,121928.79512496953
1860,152916.44362531835
1861,120702.9500648689
1862,318180.77682626806
1863,316724.56790531287
1864,316738.3267740757
1865,364653.5860821026
1866,359559.8197264251
1867,229475.84017341796
1868,297544.45318643074
1869,214124.81345214014
1870,227373.7497616273
1871,281637.94627567666
1872,179510.23580187504
1873,234974.79491323503
1874,148535.1823554759
1875,205258.2873857047
1876,198198.08419094994
1877,207692.21260792587
1878,219088.11198021704
1879,118785.19266191145
1880,132151.8917940827
1881,239753.43438817828
1882,245901.31005884838
1883,195235.3390043559
1884,209179.81019435902
1885,253189.4146190717
1886,297780.3271045333
1887,221369.15830567238
1888,258208.19655587475
1889,175229.55871148518
1890,115453.11333281189
1891,139985.95084443528
1892,97195.18452901047
1893,130239.66881992211
1894,114471.75271339889
1895,135604.71801741162
1896,130075.94676650518
1897,104099.71594291052
1898,114823.49711790896
1899,161902.01957221326
1900,148623.4933752487
1901,163691.07705990624
1902,146536.9885521198
1903,221472.92851674688
1904,152431.14686084888
1905,184051.39571181766
1906,132219.260745886
1907,207013.73298095912
1908,117968.35826195896
1909,146446.16985577132
1910,127217.53063336496
1911,205928.85626693958
1912,309230.22868792154
1913,151440.9570069102
1914,66059.64022332623
1915,325913.0682903776
1916,47138.85978034031
1917,246945.6345750393
1918,137053.3103167335
1919,177968.928203615
1920,172020.6351960719
1921,378066.88505602564
1922,354873.0423443106
1923,232342.01430050124
1924,212658.99235586892
1925,211944.05002144419
1926,384327.7098702581
1927,125616.94172221114
1928,150331.6682593016
1929,115733.71524529986
1930,130299.08439414891
1931,143470.2543731439
1932,140139.00423644006
1933,188065.3727450678
1934,173440.53560684656
1935,162816.39676762183
1936,196658.58772291787
1937,177886.6926346598
1938,180165.3078530611
1939,246317.30842314282
1940,196676.4645334528
1941,170323.43996754507
1942,181400.49619464861
1943,227329.60342805332
1944,367841.102534413
1945,374458.61111673934
1946,147054.51862385694
1947,334899.2538853177
1948,163620.26692225828
1949,255558.00201592874
1950,202960.2341538323
1951,250565.55251273548
1952,206390.5260342135
1953,178923.1876380859
1954,197589.13079968377
1955,126169.97725380577
1956,293737.2624522883
1957,157681.29839612212
1958,283522.5234768532
1959,142880.2563551855
1960,102450.97514351856
1961,120629.74210561215
1962,92195.6083981601
1963,106125.97802115983
1964,97594.8229012182
1965,134334.33552923883
1966,137751.1237424342
1967,290059.25413496397
1968,389186.7077868101
1969,372378.0110708409
1970,390450.56847575377
1971,434344.61777554965
1972,356636.922074467
1973,266999.5691886476
1974,337425.0472620918
1975,458012.4365475186
1976,260467.88827985062
1977,351697.1924034988
1978,331819.68682516087
1979,313692.9178380043
1980,190524.52819666069
1981,348281.605076701
1982,205213.7414536906
1983,197094.89629304988
1984,173727.43162571607
1985,236473.1566461185
1986,208893.53953063508
1987,210217.1239227924
1988,178359.99140238276
1989,202919.12638830917
1990,216316.4836322844
1991,218888.9763179258
1992,233586.55913195107
1993,185054.07121870219
1994,244139.0037041849
1995,185270.3222030726
1996,264617.0912549646
1997,325363.7256537851
1998,281706.05589341663
1999,277872.361072048
2000,291258.73226738966
2001,258430.06273500685
2002,257287.14408852387
2003,239949.27278200156
2004,274173.46087785834
2005,248191.07049606368
2006,225119.7752227144
2007,242046.96679145575
2008,215287.18276669254
2009,206394.03980357165
2010,197338.64640231655
2011,153932.09533931024
2012,181175.69701093982
2013,179430.7454169332
2014,187487.4967459368
2015,205674.22693768176
2016,199156.29879673748
2017,202571.16034712494
2018,120400.77483560987
2019,139208.64816193804
2020,87234.367579414
2021,93045.97980641075
2022,175080.29242008828
2023,145432.49003202593
2024,271965.04950787907
2025,327030.62854902714
2026,176495.05025224175
2027,160386.6150806507
2028,161901.66063214582
2029,166425.65257463616
2030,272233.21616771206
2031,252784.5962494057
2032,286642.7470000227
2033,264546.2945870412
2034,180785.59069293953
2035,220285.8310961136
2036,212010.3078708533
2037,212902.7900623388
2038,326670.73968612886
2039,229766.2187628206
2040,316943.0794902566
2041,292730.0601094075
2042,206816.36979627155
2043,168452.56902931133
2044,188031.09450715885
2045,198561.69143557452
2046,140764.94026819366
2047,143418.71462765566
2048,148270.05600643237
2049,138473.06649611826
2050,172684.68108395085
2051,115865.00367191932
2052,134440.92036543874
2053,146508.56066995024
2054,77248.36358966083
2055,161708.97933836307
2056,156029.0500414719
2057,107451.67375230817
2058,211265.34936416752
2059,131210.18120825224
2060,169965.34673734015
2061,192596.4142922463
2062,120695.50320965727
2063,117714.71830548136
2064,126269.9833554911
2065,119819.67827277388
2066,183749.83959121243
2067,130950.29279491668
2068,142245.64108840327
2069,92771.5109105129
2070,118549.4488084593
2071,91669.37565262929
2072,149361.5132005332
2073,138056.10690023671
2074,174693.604143856
2075,166296.49644504758
2076,124787.90976299357
2077,156355.49783954702
2078,124333.3389594375
2079,144917.6668322369
2080,124961.34923155035
2081,123477.81364805516
2082,144514.9254920191
2083,155719.16057981527
2084,104485.98614492052
2085,113399.286213143
2086,138384.50030707172
2087,129319.63550481878
2088,90492.69300351934
2089,68275.05421873745
2090,131258.6719664323
2091,79930.30434650507
2092,118108.43738892788
2093,165762.43135339802
2094,126877.60808719216
2095,132862.49836979105
2096,79342.29657380046
2097,96803.5257710572
2098,152164.97547008915
2099,27335.180037162238
2100,61198.26858340626
2101,105969.75454295077
2102,144876.236341713
2103,89235.54985980161
2104,149167.45279110075
2105,139562.74543515735
2106,27447.35490383173
2107,205540.326843012
2108,115260.99437427736
2109,98670.14608949731
2110,123739.969362125
2111,143831.0057126771
2112,137593.30128025127
2113,114717.03243877823
2114,123773.21736093695
2115,157067.6933194794
2116,118921.7618709089
2117,143458.4981569987
2118,123963.78263078662
2119,95843.54943417985
2120,119101.27372347936
2121,94639.2490687525
2122,98691.09205405888
2123,77234.26980725623
2124,173681.93591453644
2125,139732.8673045775
2126,144336.7123890262
2127,176779.65495229757
2128,143755.37445600244
2129,111502.26802180658
2130,133186.99775073546
2131,139205.99055864074
2132,105510.6376489281
2133,122598.73751122164
2134,131623.4435062397
2135,102613.86294634745
2136,49610.618006187826
2137,114357.87696820714
2138,134957.4766441657
2139,144186.58060832063
2140,138884.9406385472
2141,170308.99454304046
2142,120242.8139612751
2143,135314.97158863145
2144,113420.52796910839
2145,147281.45763568138
2146,194623.95661777386
2147,138023.1410882849
2148,145157.0293276528
2149,148832.60117124094
2150,231796.58786634752
2151,142522.42259014898
2152,189002.00818885988
2153,191396.58810114337
2154,100184.61393629144
2155,151192.9898432414
2156,260118.3500327443
2157,231576.916589632
2158,239601.85894023578
2159,221739.0145986724
2160,195012.04386568491
2161,237792.65882540573
2162,370033.6994096332
2163,365439.24202569167
2164,250016.28778427723
2165,195671.74204551626
2166,164524.60070191603
2167,224385.9132084404
2168,194109.7542763815
2169,201255.1401863125
2170,223566.86372125824
2171,158301.97834519768
2172,137972.47325580797
2173,168104.01145085
2174,224665.32428221864
2175,269153.8555527344
2176,308832.228360175
2177,235149.20471474424
2178,219768.20911763434
2179,150722.6213678229
2180,216860.55148353835
2181,203588.06491816184
2182,228057.04079174116
2183,201811.1621598921
2184,124903.5602562232
2185,131493.42378114304
2186,140873.1613179938
2187,155936.81111518087
2188,164029.98965047114
2189,340769.1484812276
2190,83308.19978765598
2191,77288.34186227222
2192,71257.47626483355
2193,136589.4699531602
2194,104299.88408384821
2195,83915.65887838892
2196,115269.08274687533
2197,113929.08701509336
2198,161815.0267736535
2199,189562.14213780646
2200,135369.17290188902
2201,140108.80540073558
2202,204831.70928588932
2203,141717.6290530871
2204,161152.7591117274
2205,120517.23439658905
2206,137321.68927312465
2207,221615.08621009436
2208,232721.1159290042
2209,207251.63558892382
2210,127123.50369789242
2211,124290.05310185894
2212,117062.33888308886
2213,100111.31803680661
2214,140360.05075023117
2215,96343.1814548051
2216,141634.21686377583
2217,55723.97680451399
2218,92093.18060472737
2219,88130.84406205262
2220,52527.99724520315
2221,326337.73422380246
2222,301808.05738335854
2223,301711.67504381784
2224,219139.85278318025
2225,136113.31351454373
2226,180306.4767656937
2227,208190.30232352126
2228,299522.7619162828
2229,261171.92915626583
2230,144882.2678588687
2231,225890.5624066628
2232,173106.90159978118
2233,181377.47703651196
2234,262485.61547434825
2235,246174.50381337616
2236,258125.4246138889
2237,311911.4224547803
2238,203836.73569048982
2239,122918.69411561562
2240,178843.94475167588
2241,133339.49431691229
2242,119850.57395315115
2243,129983.24518077465
2244,97741.86115317326
2245,110456.1736060265
2246,141337.41107919512
2247,125500.08400130049
2248,128606.97873959328
2249,117396.80708971423
2250,125560.24546022789
2251,109082.45686159634
2252,179300.47750790624
2253,163637.62412089886
2254,172919.1511334234
2255,188890.55589221208
2256,183581.68497307372
2257,213601.23380645196
2258,157920.06155092551
2259,174229.44419964644
2260,166131.79279141471
2261,201661.02342505616
2262,226486.0883645324
2263,352908.90612666955
2264,398597.045209061
2265,165407.33527158818
2266,318184.1081156923
2267,351946.9957561232
2268,412491.51374934346
2269,166067.6448997604
2270,198965.6897331916
2271,210308.33962176315
2272,216903.93565438455
2273,154767.0150736636
2274,183624.83686221341
2275,152980.11736326443
2276,193856.0440644478
2277,189732.01579616938
2278,154137.2456719179
2279,132313.94220977926
2280,112316.09325571201
2281,171501.81141920944
2282,183905.64520770276
2283,112377.4009663834
2284,132320.17111663826
2285,141841.6560751027
2286,117474.37207187437
2287,375938.29340114957
2288,283184.1853057616
2289,309798.5110466953
2290,412656.3424582648
2291,340302.0782707052
2292,400621.7569472788
2293,423917.8639591156
2294,379649.7049532624
2295,422788.09256497555
2296,250775.6711488495
2297,366480.9475837348
2298,360227.45501021796
2299,337014.56274067925
2300,317868.30880228255
2301,328472.4677216294
2302,235911.14468494005
2303,239120.6955836729
2304,235673.9536824256
2305,193453.98642084384
2306,182632.73328567707
2307,190549.8142898971
2308,210815.02583911945
2309,304927.6765477116
2310,206465.97979278443
2311,202775.2973823156
2312,183844.6603724837
2313,182370.84819712944
2314,186119.9078058997
2315,190661.0122858553
2316,222231.28128971168
2317,192561.4165933863
2318,187377.77366946285
2319,191166.37797100568
2320,191554.17461222314
2321,246426.34344825213
2322,196834.03312401584
2323,202300.4609975214
2324,200954.0405955711
2325,219983.03074464033
2326,184014.52853529612
2327,206734.35935949895
2328,230575.68861368226
2329,195058.3686839647
2330,183571.87588084742
2331,305303.9890698104
2332,382112.80152320967
2333,294031.2927584009
2334,251012.1274566354
2335,292196.30526486
2336,287506.281213758
2337,205316.1782174406
2338,256223.04061966995
2339,228168.8462102197
2340,386036.5660616176
2341,213563.89277795504
2342,231104.54211472836
2343,218505.07823142922
2344,226347.29782391482
2345,224236.40840810828
2346,219412.62820096168
2347,198419.85355151878
2348,241635.9914066504
2349,179613.84730473388
2350,329525.06527515047
2351,270083.2114226715
2352,243455.14620767927
2353,243310.82492555538
2354,146895.07182397766
2355,154610.87533138666
2356,165485.1088109517
2357,191765.3534278377
2358,194180.74172571153
2359,129009.02970827869
2360,115701.50887493024
2361,146509.71521993325
2362,257642.5550844812
2363,148882.12403067364
2364,178334.96338197557
2365,217281.23958738093
2366,199431.2336449036
2367,222683.73223482794
2368,230780.43975916528
2369,206853.851809553
2370,169384.26273323654
2371,169982.24397682937
2372,190031.9932078968
2373,291876.8835407261
2374,313986.7401087418
2375,247948.1357377099
2376,275814.80741796014
2377,310718.43654790614
2378,149660.18144571185
2379,226587.911194215
2380,152715.7811484917
2381,170731.40317167947
2382,214615.62739998102
2383,201022.90920803993
2384,246424.32445422164
2385,166039.76720974527
2386,129970.70955601809
2387,134566.6800392982
2388,112609.98757010541
2389,115896.98064323244
2390,146974.04837851392
2391,133867.28043361387
2392,110549.63860054975
2393,165304.0408041427
2394,145494.46206001058
2395,212186.13886341295
2396,143227.50269408975
2397,208564.26755897075
2398,130444.47403543985
2399,50876.83868678489
2400,59578.9913063601
2401,116503.93248044465
2402,137898.71067832445
2403,140324.94303769985
2404,144291.51449231742
2405,158466.67796430495
2406,137773.61349770223
2407,130018.16249906554
2408,153980.17426194105
2409,116419.06163389288
2410,190553.09150158777
2411,111598.2302285952
2412,151841.97823869626
2413,128037.91617531319
2414,170442.74132081665
2415,129907.94581000577
2416,131385.99503434845
2417,126346.64885460684
2418,131719.60382694515
2419,124220.3099075431
2420,123851.24803994289
2421,152685.53291545215
2422,103987.7689676425
2423,117988.99068183501
2424,152364.9937716897
2425,213691.42367473908
2426,119292.23171381143
2427,135444.66864798032
2428,185550.28964124597
2429,103948.32233906022
2430,131340.23147641012
2431,100444.94549885887
2432,157425.19204824822
2433,153556.92647415507
2434,144664.55103819893
2435,163916.2797387059
2436,124117.86039856749
2437,97741.5423257889
2438,109134.5277992217
2439,106065.58105985279
2440,128164.06918355878
2441,107068.92838627084
2442,93833.19905522333
2443,141255.87324285094
2444,122675.88024963392
2445,76981.20589673893
2446,139864.7760752223
2447,197663.06471265582
2448,135929.83114078335
2449,119113.32815872108
2450,153980.05867689385
2451,123578.79446411342
2452,208903.19999499258
2453,92879.26511031702
2454,105501.02217650838
2455,113774.93204977881
2456,140461.69920685003
2457,116132.38992414204
2458,130882.11980935368
2459,99242.84143186145
2460,148072.01803867027
2461,132910.91024706652
2462,127587.18566480384
2463,125752.2069413822
2464,176605.4927427249
2465,138144.14428023514
2466,120094.40113384268
2467,153901.34431567538
2468,77771.73110496924
2469,73477.67047329126
2470,196423.49035691287
2471,217052.62222911834
2472,168263.34829807066
2473,102323.62136340892
2474,61130.064373901434
2475,231302.53743163426
2476,102403.07338888285
2477,96421.06341543453
2478,135104.91325945576
2479,106667.9224022344
2480,150231.04930203303
2481,121855.38697040002
2482,119066.82016503965
2483,102879.3871871643
2484,128597.34743954142
2485,130122.28069677227
2486,145737.65508738442
2487,187086.59847258945
2488,170778.900989013
2489,155263.9192214292
2490,145804.40628662682
2491,111889.84662051915
2492,179430.8399514397
2493,157706.21550437537
2494,151812.18673631945
2495,95801.91624938694
2496,232101.47585093067
2497,161993.78163758782
2498,108317.45612102079
2499,84260.37216412235
2500,107129.36089058222
2501,142072.35702627903
2502,152442.8711217187
2503,96260.16289910642
2504,187072.34106238082
2505,228597.79294343077
2506,255488.13396028694
2507,271309.31354518025
2508,255636.4938068419
2509,224879.7475766973
2510,220957.3465980734
2511,181558.92191427987
2512,222569.09323687223
2513,233978.22907701298
2514,271751.28214262764
2515,133681.30355088104
2516,179428.23583240755
2517,149770.1030617468
2518,147495.52376464228
2519,241459.19953415572
2520,219231.35247057973
2521,193521.0147302635
2522,225980.02534009784
2523,112066.97045358503
2524,126769.70997016349
2525,119766.92308652439
2526,130383.09663950981
2527,116039.84654616119
2528,120250.21931320212
2529,154848.05927835623
2530,127299.98241628971
2531,257123.69345663476
2532,230621.5915171845
2533,202384.39960421485
2534,245127.69197588053
2535,279423.4830093804
2536,238375.26137382834
2537,243728.08987761402
2538,193488.26214255672
2539,202280.9036726152
2540,190449.22034764802
2541,187202.28610841677
2542,167752.00699140265
2543,128674.45042303202
2544,112312.30476431166
2545,146424.4927339698
2546,131945.6693855959
2547,157629.120231349
2548,170906.6516285788
2549,154244.77100570351
2550,604279.1911384353
2551,153841.2324759637
2552,133460.9745069214
2553,74508.4010413224
2554,92909.0605694662
2555,113530.63967235238
2556,88149.35335033479
2557,120697.96429738676
2558,179222.1835504501
2559,129431.61341296724
2560,145953.51129294673
2561,152701.5506446521
2562,137711.73863006098
2563,142729.7906166759
2564,188107.2091705292
2565,148510.82829773633
2566,147954.86896113819
2567,107584.02769322462
2568,176491.8137257825
2569,187176.06726527784
2570,125808.55961713883
2571,163853.65636986212
2572,165097.90538040444
2573,199126.37174854998
2574,291294.99157889705
2575,134036.34971259482
2576,125668.01395323353
2577,158487.99980739798
2578,89561.28622058134
2579,29871.40791357524
2580,116066.97055251163
2581,127361.5671182659
2582,137482.09890475444
2583,271176.43093490903
2584,163967.31311621724
2585,192725.20862030986
2586,220590.80550217733
2587,203838.8776951697
2588,124250.92752268052
2589,148489.53246527078
2590,217661.98671981881
2591,264126.637878255
2592,228375.02108682896
2593,281006.06145551347
2594,177487.09194202122
2595,237460.0482698144
2596,289898.20771810773
2597,210750.3266556202
2598,280160.71340704587
2599,377501.2901281088
2600,203614.2421380052
2601,161357.96497719904
2602,66093.7082321798
2603,86524.90384927562
2604,73500.6576194926
2605,60053.48448780262
2606,142124.22840620833
2607,231638.14184973948
2608,208157.59500064366
2609,177839.54778590653
2610,106316.05897513086
2611,130572.81913385131
2612,155492.00034596358
2613,132605.2262547408
2614,114868.12267689579
2615,153487.75681486304
2616,160446.88371958118
2617,188230.93847558432
2618,248368.214244572
2619,207959.8246742653
2620,192434.171043861
2621,172541.92388099374
2622,183251.70192913522
2623,242480.4117097179
2624,294645.36089507677
2625,250338.5145637514
2626,171104.15303916892
2627,155521.64679028024
2628,425662.0416513005
2629,462383.6781623985
2630,353786.93521116464
2631,418543.1494966989
2632,393329.972441738
2633,300213.84908244654
2634,399490.641051096
2635,158783.27614922685
2636,186609.265502
2637,225646.0128491705
2638,258900.00166478375
2639,177655.42373827283
2640,149476.55513190615
2641,94661.31103245121
2642,187710.57428675197
2643,109989.53522045734
2644,109883.58580023839
2645,108578.3452699085
2646,93433.49840243753
2647,107467.7027096108
2648,134450.42334337148
2649,160963.96212782903
2650,138556.55578504514
2651,135358.44135315646
2652,365564.8737395421
2653,235319.80400243838
2654,256859.15886583197
2655,391144.3120826637
2656,317822.887293153
2657,345922.1127173704
2658,321279.1838882945
2659,320119.2305228225
2660,350577.9653519356
2661,344991.42603677465
2662,368098.06388120574
2663,253287.84949174876
2664,300321.65068521176
2665,337306.04521336494
2666,291934.56636520766
2667,186807.13493963712
2668,194992.68290604645
2669,192716.91760080337
2670,277756.394965679
2671,196598.98271933696
2672,206546.62487037334
2673,204123.2571513533
2674,196364.1992714972
2675,194215.29858952027
2676,200953.4011765806
2677,190837.82817993194
2678,257142.8538096669
2679,258274.5930438174
2680,275427.619074316
2681,398607.7529681645
2682,290445.2286014515
2683,456804.49952847674
2684,311333.1840453265
2685,302455.58131560846
2686,238681.21755251713
2687,286666.48314778466
2688,216162.1881824896
2689,215918.5083371064
2690,375305.08785643283
2691,185829.85365013007
2692,154062.08795537153
2693,204938.40970634593
2694,153188.4271091946
2695,194649.77071327082
2696,186000.69984725214
2697,181722.1221948674
2698,210361.12475215812
2699,173288.48363266495
2700,154828.69622373916
2701,155159.38153595623
2702,117823.79168886595
2703,146044.2713479644
2704,133507.68034112517
2705,108365.35271118925
2706,103865.72849736275
2707,136702.99822433532
2708,117907.72702760005
2709,105462.59033593386
2710,123304.4947380624
2711,297450.1053732012
2712,384519.00884613744
2713,166973.07707763102
2714,153652.99625837556
2715,175814.8747644168
2716,146484.70402886916
2717,193486.95661959125
2718,215245.72583618376
2719,133882.84648529545
2720,187377.2358113351
2721,131416.38750629377
2722,174260.52125610926
2723,162024.19818193253
2724,132661.6614968597
2725,123606.05282004744
2726,128521.00900109673
2727,180678.49526111933
2728,176712.19441334123
2729,142771.82818335397
2730,140497.75933310122
2731,140004.12322084705
2732,142515.2539369146
2733,159899.429808605
2734,168200.63505618446
2735,128872.7611083273
2736,135454.7167187003
2737,109811.99239428536
2738,128816.44238138763
2739,152140.65745715323
2740,142911.46421312445
2741,153235.89941352452
2742,173613.29023253245
2743,150224.75160708796
2744,158503.2283880949
2745,146919.93499727905
2746,131194.66759995185
2747,178201.93849962938
2748,116386.58288061697
2749,128253.96613874375
2750,109986.16572112383
2751,127459.76787945263
2752,242765.01780598293
2753,138449.7068158849
2754,224567.26552547567
2755,138941.2883076878
2756,84727.4767210864
2757,66210.66158236856
2758,71030.01348229253
2759,164751.50918622856
2760,125480.64632307945
2761,135239.2346752913
2762,134233.31488505035
2763,197966.38731618502
2764,181169.5868258212
2765,289304.75860213634
2766,115420.72886040816
2767,86773.09002258624
2768,123259.94401867453
2769,140121.8885798785
2770,156627.68908157712
2771,104295.71487639094
2772,92796.25711220836
2773,171376.724478359
2774,144688.1833014954
2775,119512.70840965852
2776,144773.93909281216
2777,154776.84719379948
2778,131318.00679402094
2779,127551.14318473669
2780,95562.45607478348
2781,86884.62889339715
2782,84911.01250383006
2783,78624.19587214098
2784,117275.2409703916
2785,140885.26910675206
2786,49307.43824812032
2787,123534.38388192674
2788,56959.63526651634
2789,175367.081229342
2790,86894.0002419272
2791,109465.24674470208
2792,50739.39765622506
2793,148195.8761050548
2794,86886.72219634276
2795,112813.00476044929
2796,89197.0753726856
2797,225926.5129439779
2798,113892.39149670859
2799,111087.25923657558
2800,69678.46088145186
2801,108842.20829800141
2802,132908.2504208193
2803,177042.2020056762
2804,150545.21658508095
2805,118662.24742694068
2806,75904.8309398823
2807,164290.43822744593
2808,147870.06688669955
2809,127651.96215505662
2810,121998.75447271351
2811,167490.90977314344
2812,172218.99300425447
2813,151386.1758349067
2814,145128.50114918756
2815,102413.52231073559
2816,215339.31921241223
2817,154766.15141738197
2818,133276.17342255526
2819,205223.42407823054
2820,138034.3390345474
2821,125402.26077969957
2822,213868.71241902173
2823,323604.7018221635
2824,155031.69976120105
2825,169711.65470038337
2826,131626.6513271916
2827,142658.36261218612
2828,249149.95704727405
2829,214665.60513609255
2830,227024.17933751247
2831,192056.7783468403
2832,235716.51346240938
2833,330417.65438657504
2834,234477.18590602494
2835,234324.80357894063
2836,204513.7562024318
2837,158661.81023402096
2838,145087.83819321982
2839,180117.48482913768
2840,201180.07019255677
2841,208578.9313663461
2842,231612.43457580067
2843,154479.4408644242
2844,155391.43073124712
2845,122844.64863336178
2846,212663.37267535797
2847,203808.18429681912
2848,223131.0651791609
2849,205733.63793273104
2850,276785.6773751336
2851,224494.45282795816
2852,224589.8121433271
2853,237658.1284125227
2854,149702.00310456022
2855,206499.8001819954
2856,206952.73898135143
2857,197218.04636482013
2858,222042.29673797314
2859,98617.42294825152
2860,120967.43612545008
2861,143477.4290710232
2862,202314.52818588322
2863,149646.89105952636
2864,263528.6133229222
2865,155540.85389889448
2866,160941.74031140772
2867,96203.70946126361
2868,97069.3129774874
2869,101368.79186789223
2870,117833.12966666225
2871,84057.24529570954
2872,20384.018098943518
2873,95601.11992392219
2874,137048.20647866194
2875,111723.17064413324
2876,187587.78820420185
2877,158143.98144482842
2878,158135.63896463177
2879,118361.78576360882
2880,98214.3490245083
2881,123190.88900709827
2882,166592.71358392818
2883,188218.55893211535
2884,205949.534905794
2885,176554.4575722997
2886,224930.44142827124
2887,117173.10979162686
2888,141527.968897851
2889,39366.38929355511
2890,68391.7912418714
2891,139889.6788543479
2892,49140.49139103567
2893,97715.68425872293
2894,43496.44762517339
2895,349605.07201494265
2896,285119.85435361246
2897,215601.77044414578
2898,151599.91194692388
2899,236144.54635621654
2900,157186.64431593378
2901,224749.11815038056
2902,194499.2587704294
2903,317087.6957758672
2904,344167.55302610015
2905,79376.25251185976
2906,207172.84476270454
2907,117397.45541214323
2908,124359.04294614759
2909,148470.4519473423
2910,66043.30316692694
2911,65898.89997128093
2912,153419.54653235796
2913,69050.18594391212
2914,64176.72601419197
2915,74762.61495487833
2916,69184.42787967944
2917,170344.06563874884
2918,114413.80129230121
2919,221605.13743422818
